1172929287
1172571327
1172214726
1171854575
1171484869
1171134809
1170786431
1170428345
1170070118
1169711560
1169350959
1168982199
1168639633
1168296973
1167940578
1173284931
1173634511
1173987348
1174360298
1174727086
1175087116
1175435683
1175785948
1176134321
1176482916
1176863609
1177237328
1177603882
1177950585
1178313150
1178661408
1179009162
1179379207
1179746108
1180106778
1180459875
1180823656
1181173955
1181524174
1181900211
1182266847
1182628372
1182988270
1183347067
1183700200
1184053515
1184407621
1184782731
1185154002
1185512828
1185878010
1186231192
1186587721
1186963267
1187336627
1187691524
1188050773
1188398757
1188752413
1189102319
1189473290
1189839472
1190198582
1190561789
1190922749
1191274236
1191621275
1191993695
1192363351
1192728418
1193092749
1193455957
1193808943
1194162519
1194531105
1194899951
1195261547
1195622710
1195984050
1196330642
1196686397
1197055561
1197429715
1197796741
1198160983
1198526575
1198883364
1199236595
1199607638
1199981163
1200348666
1200713950
1201086675
1201453505
1201812730
1202188784
1202569398
1202939627
1203308379
1203678533
1204037028
1204398351
1204782515
1205161598
1205533203
1205901665
1206271110
1206629382
1206991679
1207376821
1207749306
1208117548
1208487963
1208860668
1209222542
1209583641
1209962789
1210342954
1210716728
1211090584
1211469036
1211839317
1212207806
1212597459
1212987968
1213364190
1213741299
1214119643
1214487647
1214855278
1215245651
1215629311
1216008670
1216386502
1216765250
1217133696
1217503451
1217896871
1218281088
1218658121
